#Wl [µm]	T [%]
1.352	0.632674277
1.350	0.228040338
1.348	1.681981802
1.346	1.539334297
1.344	3.966874599
1.342	5.986128807
1.340	10.7572279
1.338	18.17945099
1.336	26.32345772
1.334	37.31271744
1.332	52.25019455
1.330	66.85538483
1.328	79.76573181
1.326	95.18874359
1.324	100.4135742
1.322	99.86022949
1.320	99.29689026
1.318	103.2187729
1.316	100.1290054
1.314	104.9143677
1.312	102.1833801
1.310	104.0198059
1.308	99.03158569
1.306	102.4848557
1.304	101.4888306
1.302	103.0542984
1.300	99.19004822
1.298	100.779953
1.296	101.8241043
1.294	102.4818649
1.292	100.9250031
1.290	101.6966705
1.288	101.6613846
1.286	99.13735962
1.284	100.5470428
1.282	100.3798141
1.280	100.38797
1.278	101.7392731
1.276	102.6541595
1.274	100.0845337
1.272	101.7376404
1.270	99.25788879
1.268	99.90395355
1.266	100.9025726
1.264	101.3213196
1.262	102.3106537
1.260	99.01438904
1.258	101.6382599
1.256	100.4144058
1.254	100.5015869
1.252	100.3827667
1.250	102.3665924
1.248	101.7626266
1.246	102.160553
1.244	101.0979538
1.242	100.8545074
1.240	102.9939499
1.238	102.4973373
1.236	103.2382965
1.234	102.282753
1.232	101.4218292
1.230	103.0875778
1.228	100.0642319
1.226	102.1804581
1.224	99.02124023
1.222	100.6898041
1.220	100.0934143
1.218	106.4942017
1.216	100.726593
1.214	102.6521301
1.212	100.098732
1.210	103.801857
1.208	104.415535
1.206	104.0284882
1.204	102.2477875
1.202	104.3432617
1.200	100.4995575
1.198	104.0328979
1.196	103.0734406
1.194	107.7013626
1.192	104.767868
1.190	104.7481079
1.188	104.1140442
1.186	102.7471161
1.184	98.41928101
1.182	104.5971756
1.180	102.4835358
1.178	101.7760162
1.176	103.989769
1.174	101.920929
1.172	106.6578979
1.170	103.4567337
1.168	102.9884796
1.166	100.7402649
1.164	101.3400421
1.162	107.4785004
1.160	100.9753113
1.158	104.530426
1.156	102.2813644
1.154	100.8969879
1.152	100.2025757
1.150	103.1764832
1.148	101.3389816
1.146	100.4991913
1.144	99.07040405
1.142	102.943573
1.140	100.5763855
1.138	102.9480133
1.136	101.8384476
1.134	100.9231186
1.132	100.5526657
1.130	101.8521805
1.128	101.6289673
1.126	101.6191101
1.124	98.26789856
1.122	98.52825165
1.120	102.6163788
1.118	99.22943115
1.116	99.86917114
1.114	99.82832336
1.112	101.2416153
1.110	98.99613953
1.108	103.7749176
1.106	107.6994171
1.104	102.9606934
1.102	103.8858414
1.100	104.0954819
1.098	110.1797943
1.096	100.0744247
1.094	109.8052826
1.092	103.2518234
1.090	103.8523407
1.088	101.5301819
1.086	106.6400757
1.084	104.9152222
1.082	107.7749634
1.080	102.5133133
1.078	104.5813065
1.076	103.3931885
1.074	103.9274597
1.072	103.9392853
1.070	106.5340042
1.068	100.4953156
1.066	105.8973923
1.064	104.0262451
1.062	105.8308258
1.060	104.3493271
1.058	106.7315674
1.056	103.2537918
1.054	104.1323547
1.052	101.7785797
1.050	105.7785645
1.048	104.3185349
1.046	105.2874298
1.044	99.75598145
1.042	103.7723694
1.040	100.4827728
1.038	100.1040192
1.036	100.1649857
1.034	99.91184998
1.032	99.89936829
1.030	96.68106842
1.028	99.72281647
1.026	95.81314087
1.024	96.80643463
1.022	86.70886993
1.020	93.57717133
1.018	93.33763123
1.016	93.21102142
1.014	96.42430878
1.012	93.58403778
1.010	99.00495911
1.008	92.45350647
1.006	90.68166351
1.004	89.86582947
1.002	89.8079071
1.000	90.31562805
0.998	91.91438293
0.996	91.56907654
0.994	90.79784393
0.992	89.98686981
0.990	89.73869324
0.988	91.29304504
0.986	89.81119537
0.984	88.9391098
0.982	89.98621368
0.980	89.20149231
0.978	89.73161316
0.976	89.31690216
0.974	90.53742981
0.972	90.4464035
0.970	89.49077606
0.968	90.31166077
0.966	90.26374817
0.964	89.99557495
0.962	91.1301651
0.960	88.89465332
0.958	88.00692749
0.956	87.29129028
0.954	88.4457016
0.952	92.20492554
0.950	87.21495056
0.948	89.58061218
0.946	89.65432739
0.944	86.68827057
0.942	85.31111145
0.940	86.3645401
0.938	85.83235931
0.936	89.74642944
0.934	89.72908783
0.932	87.35570526
0.930	87.8663559
0.928	88.08252716
0.926	93.83731842
0.924	90.04620361
0.922	94.99716187
0.920	100.5739441
0.918	99.4641037
0.916	94.12767792
0.914	95.37593079
0.912	90.58622742
0.910	93.39151001
0.908	87.65310669
0.906	77.20041656
0.904	71.04204559
0.902	58.08791351
0.900	53.60243225
0.898	40.77216721
0.896	35.32178879
0.894	26.90541458
0.892	17.65514374
0.890	11.57664204
0.888	6.480792999
0.886	4.800518036
0.884	-0.065939695
0.882	0.935760438
0.880	0.138594136
0.878	-0.256164342
0.876	0.856635988
0.874	0.347182632
0.872	0.193295017
0.870	0.251580298
0.868	0.113232166
0.866	0.451619506
0.864	0.247185916
