#Wl [µm]	T [%]
2.450	3.944201469
2.448	-5.771012783
2.446	-2.089142323
2.444	-1.920328856
2.442	2.120505333
2.440	-0.199378252
2.438	-2.429820538
2.436	2.522027016
2.434	-1.526067853
2.432	0.920314133
2.430	3.034588099
2.428	-0.058400869
2.426	4.94186306
2.424	0.307503194
2.422	6.42228651
2.420	11.98161507
2.418	14.23406792
2.416	12.83049583
2.414	19.38154221
2.412	27.06266975
2.410	30.62576675
2.408	38.75471878
2.406	45.80360031
2.404	51.83851624
2.402	60.54515076
2.400	67.13711548
2.398	72.28201294
2.396	80.150383
2.394	84.22714233
2.392	87.27207947
2.390	88.76007843
2.388	91.83342743
2.386	91.85301971
2.384	93.47216797
2.382	96.0470047
2.380	94.00350952
2.378	89.64543152
2.376	96.38065338
2.374	95.05619812
2.372	97.11972046
2.370	96.33231354
2.368	95.17254639
2.366	95.26940918
2.364	92.7337265
2.362	93.20849609
2.360	95.71835327
2.358	95.58303833
2.356	95.56877899
2.354	91.31124878
2.352	91.71189117
2.350	94.49862671
2.348	91.89364624
2.346	96.61997223
2.344	96.61454773
2.342	94.99715424
2.340	95.28803253
2.338	93.93498993
2.336	93.57889557
2.334	93.0018158
2.332	95.21720886
2.330	95.15906525
2.328	97.07253265
2.326	94.66783142
2.324	92.27948761
2.322	93.59928131
2.320	91.61146545
2.318	93.11343384
2.316	90.89002991
2.314	92.02489471
2.312	91.67716217
2.310	92.61605835
2.308	96.22129822
2.306	91.21443939
2.304	93.09594727
2.302	91.33264923
2.300	91.87936401
2.298	88.56534576
2.296	87.13614655
2.294	92.60688782
2.292	88.2180481
2.290	92.46160126
2.288	90.74119568
2.286	92.11054993
2.284	95.74124908
2.282	87.18901062
2.280	89.95024109
2.278	94.31755829
2.276	85.62904358
2.274	89.90291595
2.272	87.39233398
2.270	85.7490387
2.268	84.48297119
2.266	81.87469482
2.264	88.05448151
2.262	82.97110748
2.260	84.73298645
2.258	86.13801575
2.256	78.67810822
2.254	78.49803925
2.252	85.11026764
2.250	78.84552765
2.248	85.52770233
2.246	80.36071014
2.244	81.81309509
2.242	79.12738037
2.240	83.75640106
2.238	80.77448273
2.236	85.87440491
2.234	78.94694519
2.232	78.54264069
2.230	79.52529907
2.228	83.07299042
2.226	83.23002625
2.224	77.07248688
2.222	75.22821045
2.220	73.84851837
2.218	79.31343842
2.216	76.03222656
2.214	77.24353027
2.212	73.14898682
2.210	73.0427475
2.208	73.43723297
2.206	77.16069794
2.204	72.52732086
2.202	81.18134308
2.200	75.23958588
2.198	79.64746857
2.196	79.47457886
2.194	79.41857147
2.192	81.43965149
2.190	85.30529022
2.188	92.26844025
2.186	85.44641113
2.184	91.20920563
2.182	87.83441925
2.180	92.66601563
2.178	97.24672699
2.176	92.82791901
2.174	95.01819611
2.172	93.19747925
2.170	91.28128052
2.168	98.74406433
2.166	96.97064972
2.164	94.98751831
2.162	89.33708954
2.160	95.41906738
2.158	97.74668884
2.156	97.14424896
2.154	99.97335815
2.152	98.01337433
2.150	93.29017639
2.148	92.89968872
2.146	100.5021362
2.144	100.9133911
2.142	97.17926025
2.140	97.03250885
2.138	91.62097931
2.136	98.01468658
2.134	98.19002533
2.132	92.5741272
2.130	94.78340912
2.128	96.07130432
2.126	98.25022888
2.124	94.03133392
2.122	102.4811478
2.120	94.30039978
2.118	98.77214813
2.116	100.0150909
2.114	96.77668762
2.112	96.85221863
2.110	93.11695862
2.108	95.51927185
2.106	94.26540375
2.104	104.6916504
2.102	97.0014267
2.100	95.25270081
2.098	98.24304199
2.096	97.59191132
2.094	94.54164886
2.092	102.2487259
2.090	99.40475464
2.088	95.64479828
2.086	99.4548645
2.084	100.7514572
2.082	101.7817841
2.080	98.54729462
2.078	99.39953613
2.076	101.0577545
2.074	97.90783691
2.072	96.16957092
2.070	92.51361847
2.068	98.79868317
2.066	99.87135315
2.064	94.68499756
2.062	97.61602783
2.060	92.88358307
2.058	101.3861923
2.056	95.19556427
2.054	98.06906128
2.052	98.25090027
2.050	97.68943024
2.048	97.09959412
2.046	98.21291351
2.044	99.27947235
2.042	97.44542694
2.040	99.67159271
2.038	97.66547394
2.036	98.04019165
2.034	96.98299408
2.032	93.55332184
2.030	97.62784576
2.028	94.18146515
2.026	96.75177765
2.024	101.7195435
2.022	98.70541382
2.020	98.1513443
2.018	97.94016266
2.016	95.30241394
2.014	97.07504272
2.012	97.58184052
2.010	99.29099274
2.008	101.4563904
2.006	98.31661224
2.004	95.60566711
2.002	99.11450195
2.000	92.52890015
1.998	99.195961
1.996	99.02243042
1.994	98.21985626
1.992	98.45357513
1.990	93.66023254
1.988	97.5235672
1.986	100.7904663
1.984	101.3418884
1.982	94.73709106
1.980	97.11823273
1.978	97.31426239
1.976	99.40666199
1.974	97.91876984
1.972	95.12880707
1.970	99.71604919
1.968	94.03153992
1.966	97.60584259
1.964	99.7122345
1.962	97.69916534
1.960	95.94482422
1.958	102.1725769
1.956	97.93920135
1.954	97.09503937
1.952	100.2545013
1.950	99.6701355
1.948	94.84301758
1.946	101.1218567
1.944	102.1116257
1.942	95.71337128
1.940	98.41230011
1.938	99.36645508
1.936	99.50241089
1.934	98.26976776
1.932	102.5057068
1.930	97.52845001
1.928	103.1043549
1.926	98.50751495
1.924	98.98721313
1.922	99.05641937
1.920	94.80348969
1.918	101.3935089
1.916	93.60287476
1.914	95.1909256
1.912	98.4392395
1.910	96.36542511
1.908	93.61448669
1.906	95.94966888
1.904	95.8296814
1.902	94.47164917
1.900	97.19543457
1.898	103.6217575
1.896	97.5674057
1.894	101.0280609
1.892	102.9393921
1.890	101.0957031
1.888	102.3154831
1.886	101.7627563
1.884	97.51099396
1.882	97.69389343
1.880	100.422226
1.878	98.02623749
1.876	97.11898804
1.874	97.70042419
1.872	96.89188385
1.870	99.07120514
1.868	97.54525757
1.866	100.25457
1.864	100.3594742
1.862	98.10019684
1.860	101.6650772
1.858	97.55419159
1.856	97.31076813
1.854	99.8629303
1.852	99.61022949
1.850	97.59070587
1.848	97.12112427
1.846	97.80134583
1.844	97.32273865
1.842	97.07711029
1.840	96.78504181
1.838	97.1000061
1.836	99.41397095
1.834	101.2110596
1.832	98.90054321
1.830	97.496521
1.828	95.44790649
1.826	101.553894
1.824	97.28675842
1.822	94.87800598
1.820	96.93664551
1.818	99.63733673
1.816	100.5291672
1.814	99.12215424
1.812	98.78798676
1.810	97.65378571
1.808	96.85176849
1.806	99.46669006
1.804	99.61820221
1.802	99.98477173
1.800	98.21232605
1.798	97.60951996
1.796	99.4865799
1.794	98.44564819
1.792	100.2144699
1.790	97.25410461
1.788	97.92144775
1.786	99.35577393
1.784	96.96166229
1.782	97.82514954
1.780	96.39901733
1.778	97.29976654
1.776	100.1530914
1.774	99.38746643
1.772	99.0426712
1.770	99.99583435
1.768	98.3802948
1.766	99.7646637
1.764	98.94355774
1.762	95.66156769
1.760	98.13825226
1.758	95.67295074
1.756	98.1920166
1.754	98.88004303
1.752	98.84292603
1.750	99.86302948
1.748	96.78764343
1.746	98.06916809
1.744	98.4124527
1.742	98.29187012
1.740	98.31047058
1.738	98.07511139
1.736	99.74008179
1.734	99.34487915
1.732	98.69151306
1.730	99.80588531
1.728	98.83171082
1.726	98.01744843
1.724	98.27281952
1.722	98.92738342
1.720	97.66121674
1.718	97.96212006
1.716	97.31375122
1.714	99.60725403
1.712	97.83037567
1.710	101.6473618
1.708	98.83006287
1.706	98.90478516
1.704	99.00593567
1.702	99.18971252
1.700	100.4312897
1.698	98.94950104
1.696	98.71977234
1.694	97.45785522
1.692	100.6357651
1.690	98.82621002
1.688	97.85875702
1.686	100.1889725
1.684	99.82297516
1.682	98.33876038
1.680	97.12111664
1.678	98.15871429
1.676	98.74056244
1.674	99.59934235
1.672	99.08999634
1.670	98.12476349
1.668	99.41989899
1.666	98.44548798
1.664	97.19083405
1.662	99.30923462
1.660	99.61013794
1.658	97.48491669
1.656	98.29315186
1.654	97.07896423
1.652	98.5422287
1.650	98.37541199
1.648	98.8764801
1.646	98.35988617
1.644	98.57376099
1.642	99.42021179
1.640	98.1997757
1.638	97.73308563
1.636	100.0365524
1.634	98.45298767
1.632	97.1690979
1.630	100.2510223
1.628	99.52462769
1.626	98.3801651
1.624	98.6925354
1.622	99.42642975
1.620	98.62715149
1.618	98.16283417
1.616	98.76985931
1.614	98.49061584
1.612	99.17493439
1.610	98.60417175
1.608	100.0471115
1.606	100.1617661
1.604	97.94953918
1.602	98.78478241
1.600	99.16712952
1.598	98.85697937
1.596	98.40673065
1.594	99.3699646
1.592	99.93386078
1.590	101.6488647
1.588	99.85334015
1.586	101.2006607
1.584	100.0433197
1.582	100.3959503
1.580	98.64110565
1.578	98.916008
1.576	100.4682693
1.574	100.0077591
1.572	100.2697678
1.570	100.2392426
1.568	98.20807648
1.566	103.1888733
1.564	98.0585022
1.562	102.6528854
1.560	100.4097137
1.558	97.71092224
1.556	100.20224
1.554	100.6019211
1.552	99.89723206
1.550	99.78359222
1.548	99.74808502
1.546	99.69638062
1.544	103.1714325
1.542	101.764595
1.540	98.28086853
1.538	100.8163452
1.536	101.0895157
1.534	101.8984222
1.532	100.8597641
1.530	99.55417633
1.528	100.32724
1.526	100.4927292
1.524	99.34772491
1.522	98.67432404
1.520	100.6145859
1.518	100.8442993
1.516	99.81771851
1.514	99.36846161
1.512	100.2936935
1.510	99.10385895
1.508	101.0960846
1.506	98.35493469
1.504	101.7655258
1.502	98.24162292
1.500	98.40143585
1.498	100.8293839
1.496	100.2808533
1.494	99.87247467
1.492	99.61566162
1.490	99.53453827
1.488	99.62230682
1.486	97.11441803
1.484	97.38593292
1.482	101.2319717
1.480	100.8362274
1.478	102.8408279
1.476	99.18422699
1.474	101.8296967
1.472	97.15640259
1.470	98.58364105
1.468	103.1909332
1.466	100.2482452
1.464	99.99087524
1.462	97.0659256
1.460	93.40531158
1.458	82.00009155
1.456	71.34783936
1.454	60.17609787
1.452	48.79758835
1.450	39.26039505
1.448	30.56842613
1.446	20.80160141
1.444	15.1753664
1.442	10.89633083
1.440	6.982128143
1.438	4.258993626
1.436	3.170929432
1.434	2.497575045
1.432	0.711318731
1.430	0.618369401
1.428	0.82615155
1.426	0.156730279
1.424	0.046019688
1.422	0.105419256
