#Wl [µm]	T [%]
2.550	0.094884381
2.549	0.105880328
2.548	0.100311823
2.547	0.123603083
2.546	0.101655945
2.545	0.12054418
2.544	0.048052035
2.543	0.117457613
2.542	0.077951975
2.541	0.103810929
2.540	0.099351779
2.539	0.110003829
2.538	0.071828574
2.537	0.152273879
2.536	0.081332624
2.535	0.195882797
2.534	0.157811821
2.533	0.159178644
2.532	0.185040623
2.531	0.162153527
2.530	0.183674499
2.529	0.15511249
2.528	0.241867408
2.527	0.222844124
2.526	0.230128184
2.525	0.208043754
2.524	0.259169459
2.523	0.277798891
2.522	0.309277892
2.521	0.248356655
2.520	0.321292251
2.519	0.293718547
2.518	0.293986589
2.517	0.2794891
2.516	0.319992364
2.515	0.363213927
2.514	0.345640481
2.513	0.356969506
2.512	0.404001683
2.511	0.451067895
2.510	0.450573623
2.509	0.469424397
2.508	0.481799841
2.507	0.559331536
2.506	0.626488328
2.505	0.617749572
2.504	0.694149673
2.503	0.718766153
2.502	0.729354799
2.501	0.806999505
2.500	0.869843483
2.499	0.955243588
2.498	0.986562789
2.497	0.997465491
2.496	1.097171545
2.495	1.169900417
2.494	1.21975565
2.493	1.348721743
2.492	1.390471697
2.491	1.504839897
2.490	1.613731623
2.489	1.769546032
2.488	1.844221592
2.487	1.977363229
2.486	2.119481087
2.485	2.285231352
2.484	2.476807833
2.483	2.508626461
2.482	2.757988214
2.481	2.955613375
2.480	3.15907979
2.479	3.353467941
2.478	3.55655241
2.477	3.844208956
2.476	4.175858021
2.475	4.383165836
2.474	4.668039799
2.473	4.965524197
2.472	5.35225296
2.471	5.729597092
2.470	6.022318363
2.469	6.449271679
2.468	6.901704311
2.467	7.340322971
2.466	7.825149536
2.465	8.272047997
2.464	8.823393822
2.463	9.309586525
2.462	9.848647118
2.461	10.49177933
2.460	11.09061813
2.459	11.71864605
2.458	12.36249924
2.457	13.0257864
2.456	13.76984882
2.455	14.51860237
2.454	15.24158382
2.453	16.00955772
2.452	16.8701725
2.451	17.68831253
2.450	18.51646996
2.449	19.41437149
2.448	20.31190491
2.447	21.17868996
2.446	22.19923592
2.445	23.15462112
2.444	24.06632996
2.443	25.12578964
2.442	26.17220879
2.441	27.19479752
2.440	28.28577232
2.439	29.46112061
2.438	30.52263832
2.437	31.69508362
2.436	32.89722061
2.435	34.05727005
2.434	35.2688179
2.433	36.52014923
2.432	37.83472061
2.431	39.02796555
2.430	40.35571289
2.429	41.63874054
2.428	43.01130295
2.427	44.35734558
2.426	45.77450562
2.425	47.05379105
2.424	48.47925186
2.423	49.87021637
2.422	51.17737198
2.421	52.58725357
2.420	54.00744629
2.419	55.3159523
2.418	56.64470673
2.417	58.01013565
2.416	59.25953293
2.415	60.56345749
2.414	61.83608627
2.413	63.04140854
2.412	64.14493561
2.411	65.39205933
2.410	66.38455963
2.409	67.42514038
2.408	68.38410187
2.407	69.32820129
2.406	70.11054993
2.405	70.92076874
2.404	71.64726257
2.403	72.26285553
2.402	72.87809753
2.401	73.39850616
2.400	73.84601593
2.399	74.20058441
2.398	74.55257416
2.397	74.82093811
2.396	75.11035156
2.395	75.22846985
2.394	75.39691925
2.393	75.41659546
2.392	75.49245453
2.391	75.40103149
2.390	75.38996124
2.389	75.32131958
2.388	75.20747375
2.387	75.0932312
2.386	74.89157104
2.385	74.75216675
2.384	74.54235077
2.383	74.45603943
2.382	74.16009521
2.381	74.02906036
2.380	73.80408478
2.379	73.62929535
2.378	73.43228149
2.377	73.31008148
2.376	73.13732147
2.375	73.01711273
2.374	72.87270355
2.373	72.77549744
2.372	72.70133209
2.371	72.60521698
2.370	72.53930664
2.369	72.53479767
2.368	72.54058838
2.367	72.53689575
2.366	72.61125183
2.365	72.6182785
2.364	72.78825378
2.363	72.84391785
2.362	73.01181793
2.361	73.11988831
2.360	73.32370758
2.359	73.51644897
2.358	73.7649231
2.357	74.02831268
2.356	74.25817108
2.355	74.52442169
2.354	74.80291748
2.353	75.17450714
2.352	75.45830536
2.351	75.87190247
2.350	76.22512817
2.349	76.64159393
2.348	76.99134827
2.347	77.43814087
2.346	77.78697205
2.345	78.21893311
2.344	78.62755585
2.343	79.11654663
2.342	79.50505066
2.341	79.93400574
2.340	80.29817963
2.339	80.75746155
2.338	81.22174835
2.337	81.52805328
2.336	82.0089035
2.335	82.38679504
2.334	82.83535004
2.333	83.12773132
2.332	83.52719879
2.331	83.78942871
2.330	84.17204285
2.329	84.48285675
2.328	84.83495331
2.327	85.09462738
2.326	85.36659241
2.325	85.54114532
2.324	85.7791748
2.323	85.99827576
2.322	86.1905365
2.321	86.34585571
2.320	86.44766998
2.319	86.60805511
2.318	86.65591431
2.317	86.75302124
2.316	86.7583313
2.315	86.83193207
2.314	86.81298065
2.313	86.84886932
2.312	86.81097412
2.311	86.82430267
2.310	86.66145325
2.309	86.62552643
2.308	86.5955658
2.307	86.43849182
2.306	86.34335327
2.305	86.2142334
2.304	86.09701538
2.303	85.91868591
2.302	85.8147049
2.301	85.60647583
2.300	85.46820831
2.299	85.24401855
2.298	85.11127472
2.297	84.87232208
2.296	84.75092316
2.295	84.48894501
2.294	84.33596802
2.293	84.09403229
2.292	83.94773865
2.291	83.76861572
2.290	83.55375671
2.289	83.3757782
2.288	83.20851898
2.287	83.01631927
2.286	82.85748291
2.285	82.74586487
2.284	82.52522278
2.283	82.47463989
2.282	82.19567871
2.281	82.1552887
2.280	82.00524139
2.279	81.90652466
2.278	81.72277069
2.277	81.63728333
2.276	81.53367615
2.275	81.45013428
2.274	81.41137695
2.273	81.29159546
2.272	81.26407623
2.271	81.25494385
2.270	81.19560242
2.269	81.13093567
2.268	81.20594788
2.267	81.11556244
2.266	81.16024017
2.265	81.10879517
2.264	81.20349884
2.263	81.18427277
2.262	81.25697327
2.261	81.22982025
2.260	81.29544067
2.259	81.38357544
2.258	81.45275879
2.257	81.57054901
2.256	81.58031464
2.255	81.7190094
2.254	81.72210693
2.253	81.91823578
2.252	81.96775818
2.251	82.19675446
2.250	82.18226624
2.249	82.31232452
2.248	82.39196014
2.247	82.57151794
2.246	82.61460876
2.245	82.80033112
2.244	82.93711853
2.243	82.96305084
2.242	83.18602753
2.241	83.21389771
2.240	83.36820984
2.239	83.44010925
2.238	83.58174896
2.237	83.68447113
2.236	83.81711578
2.235	83.98777771
2.234	84.07064819
2.233	84.14244843
2.232	84.31488037
2.231	84.32091522
2.230	84.54669189
2.229	84.5647049
2.228	84.6647644
2.227	84.84122467
2.226	84.85363007
2.225	84.98693085
2.224	85.01779175
2.223	85.16925812
2.222	85.18309021
2.221	85.28360748
2.220	85.28823853
2.219	85.44150543
2.218	85.43261719
2.217	85.52051544
2.216	85.49272919
2.215	85.57765198
2.214	85.59421539
2.213	85.67303467
2.212	85.67002106
2.211	85.67775726
2.210	85.73067474
2.209	85.69595337
2.208	85.76296997
2.207	85.73800659
2.206	85.7744751
2.205	85.69431305
2.204	85.71929169
2.203	85.68106079
2.202	85.71878052
2.201	85.64196014
2.200	85.64920044
2.199	85.57263947
2.198	85.5815506
2.197	85.53153992
2.196	85.4930954
2.195	85.45368195
2.194	85.40253448
2.193	85.36920929
2.192	85.34346008
2.191	85.26733398
2.190	85.17877197
2.189	85.14394379
2.188	85.09854126
2.187	85.04478455
2.186	84.95848846
2.185	84.91897583
2.184	84.80335236
2.183	84.7872467
2.182	84.66790009
2.181	84.60558319
2.180	84.49708557
2.179	84.49442291
2.178	84.38890839
2.177	84.26000214
2.176	84.21173096
2.175	84.11910248
2.174	84.07772827
2.173	83.90365601
2.172	83.85293579
2.171	83.74763489
2.170	83.70119476
2.169	83.56850433
2.168	83.51183319
2.167	83.39630127
2.166	83.35369873
2.165	83.22723389
2.164	83.16043854
2.163	83.08685303
2.162	82.9526062
2.161	82.90488434
2.160	82.7598877
2.159	82.71855927
2.158	82.60323334
2.157	82.57540131
2.156	82.41706085
2.155	82.38887787
2.154	82.28076172
2.153	82.22864532
2.152	82.10038757
2.151	82.04059601
2.150	81.98524475
2.149	81.89407349
2.148	81.81148529
2.147	81.75449371
2.146	81.64239502
2.145	81.58813477
2.144	81.51734161
2.143	81.40216827
2.142	81.39102173
2.141	81.29611969
2.140	81.29026031
2.139	81.13949585
2.138	81.12844849
2.137	81.06539917
2.136	81.03791809
2.135	80.89365387
2.134	80.93408203
2.133	80.85734558
2.132	80.77736664
2.131	80.75974274
2.130	80.70353699
2.129	80.67118835
2.128	80.57678986
2.127	80.62998199
2.126	80.54560089
2.125	80.56406403
2.124	80.44544983
2.123	80.50289154
2.122	80.41941071
2.121	80.42878723
2.120	80.40086365
2.119	80.4469223
2.118	80.33918762
2.117	80.39805603
2.116	80.3081131
2.115	80.30445862
2.114	80.27572632
2.113	80.28343201
2.112	80.25436401
2.111	80.19711304
2.110	80.21097565
2.109	80.15756226
2.108	80.11951447
2.107	79.99990082
2.106	80.07427216
2.105	79.94028473
2.104	79.92912292
2.103	79.82511902
2.102	79.81260681
2.101	79.71858978
2.100	79.61975098
2.099	79.56686401
2.098	79.34838867
2.097	79.32878876
2.096	79.15871429
2.095	79.04222107
2.094	78.89108276
2.093	78.78391266
2.092	78.56228638
2.091	78.41622162
2.090	78.18688202
2.089	78.06378937
2.088	77.82801056
2.087	77.64003754
2.086	77.39156342
2.085	77.20498657
2.084	76.98223877
2.083	76.6703186
2.082	76.43962097
2.081	76.23104095
2.080	75.97115326
2.079	75.71284485
2.078	75.44872284
2.077	75.18010712
2.076	74.98014069
2.075	74.69947815
2.074	74.44740295
2.073	74.16551971
2.072	73.96321869
2.071	73.70402527
2.070	73.49468231
2.069	73.32487488
2.068	73.05294037
2.067	72.88176727
2.066	72.68336487
2.065	72.50243378
2.064	72.32844543
2.063	72.21890259
2.062	72.06565857
2.061	71.98164368
2.060	71.83404541
2.059	71.75408936
2.058	71.63350677
2.057	71.63517761
2.056	71.54369354
2.055	71.50128174
2.054	71.48351288
2.053	71.42890167
2.052	71.45114899
2.051	71.44598389
2.050	71.47364807
2.049	71.44606781
2.048	71.50896454
2.047	71.46304321
2.046	71.52713776
2.045	71.50687408
2.044	71.58732605
2.043	71.5100708
2.042	71.58252716
2.041	71.52342987
2.040	71.52147675
2.039	71.46703339
2.038	71.43283844
2.037	71.31239319
2.036	71.21266174
2.035	71.08296204
2.034	70.943573
2.033	70.80929565
2.032	70.53648376
2.031	70.3302536
2.030	69.97499084
2.029	69.73842621
2.028	69.34783173
2.027	69.00579071
2.026	68.48574829
2.025	68.07688141
2.024	67.5526886
2.023	66.99176788
2.022	66.39846802
2.021	65.806427
2.020	65.09693909
2.019	64.37031555
2.018	63.64122772
2.017	62.82982635
2.016	61.97412491
2.015	61.07840729
2.014	60.21702957
2.013	59.13238525
2.012	58.14337158
2.011	57.07638931
2.010	55.93702316
2.009	54.77565002
2.008	53.61561203
2.007	52.27172852
2.006	50.95349503
2.005	49.65913773
2.004	48.15473938
2.003	46.68018341
2.002	45.23444366
2.001	43.71221542
2.000	42.0236702
1.999	40.48763657
1.998	38.98658752
1.997	37.03517914
1.996	35.52968597
1.995	33.76297379
1.994	32.11704636
1.993	30.53099251
1.992	28.86463928
1.991	27.22027206
1.990	25.66446877
1.989	24.16041565
1.988	22.60992622
1.987	21.14689064
1.986	19.78346634
1.985	18.39430809
1.984	17.09669876
1.983	15.91172504
1.982	14.68936348
1.981	13.59983826
1.980	12.60869312
1.979	11.62361526
1.978	10.69341278
1.977	9.866065979
1.976	9.10095787
1.975	8.321214676
1.974	7.690974236
1.973	7.064910412
1.972	6.495187283
1.971	5.957413197
1.970	5.501564503
1.969	5.045959949
1.968	4.632649422
1.967	4.288543224
1.966	3.956573486
1.965	3.648998976
1.964	3.354706526
1.963	3.120085478
1.962	2.863770962
1.961	2.686018944
1.960	2.453600407
1.959	2.274344206
1.958	2.117975473
1.957	1.989705443
1.956	1.825289607
1.955	1.731574893
1.954	1.582279086
1.953	1.497971416
1.952	1.402868986
1.951	1.323222995
1.950	1.220486522
1.949	1.133465171
1.948	1.088927269
1.947	1.032367229
1.946	0.973678172
1.945	0.905477703
1.944	0.836521387
1.943	0.799877405
1.942	0.756172419
1.941	0.729828596
1.940	0.681284607
1.939	0.650206089
1.938	0.657280326
1.937	0.600734651
1.936	0.567021847
1.935	0.547136664
1.934	0.526949585
1.933	0.50302732
1.932	0.449388951
1.931	0.48311004
1.930	0.431575239
1.929	0.418317586
1.928	0.366192877
1.927	0.366490066
1.926	0.375097036
1.925	0.358956218
1.924	0.346807092
1.923	0.320381314
1.922	0.289554834
1.921	0.295150012
1.920	0.311725438
1.919	0.252974391
1.918	0.282108665
1.917	0.264915705
1.916	0.248255581
1.915	0.2205569
1.914	0.192518234
1.913	0.199859768
1.912	0.234526143
1.911	0.190691188
1.910	0.192716643
1.909	0.151888788
1.908	0.159129635
1.907	0.144410491
1.906	0.138889357
1.905	0.133294895
1.904	0.116379999
1.903	0.128345594
1.902	0.116568305
1.901	0.095499612
1.900	0.114347272
